  bit   perc perc perc  query     position in query        matching        repeat              position in repeat
score   div. del. ins.  sequence  begin  end      (left)   repeat          class/family      begin  end    (left)  ID

  203   21.6 11.9  2.0  5            100    468 (209611) C LTR37A          LTR/ERV1             (0)    426     22   1  
   33   34.5  7.2  7.2  5            914   1107 (208972) + MIRc            SINE/MIR              53    246   (22)   2  
   13   10.0  0.0  0.0  5           1514   1535 (208544) + (GCT)n          Simple_repeat          1     22    (0)   3  
   16   14.6  6.4  2.0  5           1760   1806 (208273) + (CGCGCC)n       Simple_repeat          1     49    (0)   4  
   30   30.9 26.2  0.0  5           2443   2591 (207488) C MIRc            SINE/MIR            (16)    252     65   5  
  330    9.0  0.3  0.0  5           3336   3636 (206443) + AluSx           SINE/Alu               1    302   (10)   6  
  110   23.6 10.4  0.0  5           3975   4186 (205893) C MIR             SINE/MIR            (27)    235      2   7  
  391    0.3  0.0  0.0  5           4466   4773 (205306) + AluYb8          SINE/Alu               1    308   (10)   8  
   32   33.8 24.7  0.0  5           4953   5106 (204973) + MIR3            SINE/MIR              15    206    (2)   9  
  386    0.7  0.0  0.0  5           5439   5747 (204332) + AluYa5          SINE/Alu               1    309    (2)  10  
  277   26.1 10.4  2.3  5           5851   5932 (204147) C L1ME4b          LINE/L1              (4)   6141   6053  11  
   30    3.5  0.0  0.0  5           5933   5962 (204117) + (AC)n           Simple_repeat          1     30    (0)  12  
  277   26.1 10.4  2.3  5           5963   6444 (203635) C L1ME4b          LINE/L1             (93)   6052   5533  11 *
  637   16.9  9.5  1.4  5           6442   6912 (203167) C L1MB7           LINE/L1             (18)   6166   5626  13  
  280   11.6 12.8  1.5  5           6913   7218 (202861) C MER61A          LTR/ERV1             (0)    341      2  14  
  983   17.3  6.1  1.7  5           7219   8325 (201754) C L1MB7           LINE/L1            (559)   5625   4502  13  
  298   12.2  2.7  1.3  5           8336   8631 (201448) C AluSq           SINE/Alu            (13)    300      1  15  
  983   17.5  4.4  1.8  5           8632   9090 (200989) C L1MB7           LINE/L1           (1645)   4501   4028  13  
   79   29.5 30.7  8.3  5           9099   9234 (200845) C L2a             LINE/L2              (0)   3426   3276  16  
  331    9.8  0.0  5.7  5           9235   9548 (200531) + AluSx           SINE/Alu               1    297   (15)  17  
   79   29.5 30.7  8.3  5           9549   9818 (200261) C L2a             LINE/L2            (151)   3275   2936  16  
  252   13.1  2.7 10.1  5          10081  10408 (199671) + AluSx3          SINE/Alu               1    306    (5)  18  
   35   29.5  8.4  2.0  5          10435  10624 (199455) C L1ME4b          LINE/L1             (18)   6127   5926  19  
   33    0.0  0.0  0.0  5          14144  14171 (195908) + (GT)n           Simple_repeat          1     28    (0)  20  
  230   27.9 12.8  1.2  5          14237  14696 (195383) C LTR33           LTR/ERVL             (2)    513      1  21  
   84   22.4  1.4 16.0  5          14775  14981 (195098) C L1MA10          LINE/L1              (2)   6332   6152  22  
   19   30.1 13.2  0.0  5          15054  15136 (194943) C MIRc            SINE/MIR           (157)    111     18  23 *
   23   37.3  9.4  0.7  5          15132  15258 (194821) C Chap1_Mam       DNA/hAT-Charlie    (200)    142      5  24  
   96   31.9  4.8  4.4  5          15531  15700 (194379) + L2a             LINE/L2             2984   3143  (283)  25  
  291   15.3  0.0  4.0  5          15704  16016 (194063) C AluJb           SINE/Alu            (11)    301      1  26  
   96   31.9  4.8  4.4  5          16017  16117 (193962) + L2a             LINE/L2             3144   3256  (170)  25  
  300   18.5  7.0  1.0  5          16126  16612 (193467) C Charlie1        DNA/hAT-Charlie      (3)   2778   2263  27  
  339    9.6  0.0  0.7  5          16771  17073 (193006) + AluSq2          SINE/Alu               2    302   (11)  28  
  318    9.8  0.0  0.7  5          18040  18325 (191754) + AluY            SINE/Alu               1    284   (27)  29  
   54    0.0  1.9  0.0  5          18326  18377 (191702) + (AAT)n          Simple_repeat          1     53    (0)  30  
   14   18.8  0.0  5.3  5          18573  18612 (191467) + (AAT)n          Simple_repeat          1     38    (0)  31  
  125   32.8 15.3  6.5  5          18820  18992 (191087) C L4_A_Mam        LINE/RTE-X           (0)   4990   4773  32  
  331    9.7  0.0  0.0  5          18996  19295 (190784) C AluSg           SINE/Alu            (10)    300      1  33  
  125   32.8 15.3  6.5  5          19296  19663 (190416) C L4_A_Mam        LINE/RTE-X         (218)   4772   4404  32  
   25   40.9  2.4  8.6  5          19666  19788 (190291) C MER117          DNA/hAT-Charlie      (0)    197     82  34  
   72   35.1 19.1  0.0  5          19837  20098 (189981) C L4_B_Mam        LINE/RTE-X         (583)   4356   4045  35  
   76   15.2  0.8  4.4  5          20161  20277 (189802) + L1MB8           LINE/L1             6063   6175    (3)  36  
  209   15.7  0.4  2.6  5          21033  21307 (188772) C L1MB8           LINE/L1              (1)   6177   5909  37  
   15   33.3 17.1  0.0  5          22325  22441 (187638) C MamRep434       DNA/TcMar-Tigger    (17)    409    273  38 *
   56   32.6  2.7  2.7  5          22390  22572 (187507) C MER5A           DNA/hAT-Charlie      (5)    184      2  39  
  117   20.1  6.2  8.9  5          22722  22962 (187117) C L1M5            LINE/L1           (1403)   4743   4509  40  
  363   13.5  7.2  0.7  5          23299  23701 (186378) C MSTB1           LTR/ERVL-MaLR        (0)    432      4  41  
   34   30.2  4.0  1.9  5          23808  23959 (186120) + L1MEg           LINE/L1              443    597 (5487)  42  
  216    4.5  0.5  1.0  5          23962  24161 (185918) + AluYc           SINE/Alu              90    288   (11)  43  
   22   29.8  1.1  5.9  5          24343  24431 (185648) C X24_DNA         DNA                 (83)     90      6  44 *
   86   25.6  9.1  3.6  5          24424  24627 (185452) C MIR             SINE/MIR            (33)    197      2  45  
   62   27.2  9.3  8.6  5          24690  24850 (185229) C MER5B           DNA/hAT-Charlie      (7)    171     10  46  
  307   11.8  0.3  0.0  5          25827  26123 (183956) + AluSg           SINE/Alu               2    299   (11)  47  
  133   11.6  0.7  0.0  5          27109  27254 (182825) C LTR24B          LTR/ERV1             (6)    570    424  48  
   27   11.9  0.0  0.0  5          27256  27297 (182782) C THE1C           LTR/ERVL-MaLR        (0)    381    340  49  
  363   11.1  0.9  0.0  5          27343  27686 (182393) C THE1C           LTR/ERVL-MaLR       (28)    347      1  49  
  421   10.0  2.6  0.5  5          27687  28103 (181976) C LTR24B          LTR/ERV1           (149)    427      2  48  
   77   29.6  2.5  6.0  5          28479  28719 (181360) C MER102a         DNA/hAT-Charlie      (3)    327     95  50  
   59   31.7  5.8  2.3  5          29083  29289 (180790) + Tigger16b       DNA/TcMar-Tigger      85    298   (33)  51  
   52   27.0 11.9  2.3  5          29888  30046 (180033) + MIRb            SINE/MIR              91    264    (4)  52  
   13   25.2  0.0  0.0  5          30100  30137 (179942) + (TGTCTTT)n      Simple_repeat          1     38    (0)  53  
  658   17.4  6.4  1.8  5          30142  31090 (178989) C L1MB8           LINE/L1              (0)   6178   5195  54  
  322    9.6  0.0  0.0  5          31884  32175 (177904) + AluSx1          SINE/Alu               1    292   (20)  55  
   13   21.2 36.5  0.0  5          32178  32262 (177817) C L1M5            LINE/L1              (3)   6121   6006  56  
  230   30.2 10.9 12.4  5          32285  33062 (177017) C HAL1            LINE/L1           (1006)   1501    734  57  
   13   23.3  0.0  0.0  5          33115  33149 (176930) + (GTTTT)n        Simple_repeat          1     35    (0)  58  
   97   26.8  6.7  4.2  5          33176  33403 (176676) C MIR             SINE/MIR            (12)    250     27  59  
   54   26.3 36.2  0.0  5          33425  33576 (176503) + Charlie17a      DNA/hAT-Charlie        2    208    (9)  60  
  255   25.9 22.0  1.8  5          33583  34051 (176028) + Kanga2_a        DNA/TcMar-Tc2         29    601  (286)  61  
  296   14.1  0.0  0.0  5          34052  34333 (175746) + AluJb           SINE/Alu               1    283   (29)  62  
   27    0.0  0.0  0.0  5          34335  34360 (175719) + (AAAG)n         Simple_repeat          1     26    (0)  63  
  255   25.9 22.0  1.8  5          34361  34598 (175481) + Kanga2_a        DNA/TcMar-Tc2        602    876   (11)  61  
   88   27.8  6.5  2.1  5          34601  34876 (175203) C L1M6            LINE/L1           (2289)   4112   3825  64  
  106   29.1 13.0  4.2  5          34920  35335 (174744) C L1M6            LINE/L1           (4929)   1567   1117  64  
   14   33.3  6.9  0.0  5          35375  35446 (174633) C MIRc            SINE/MIR            (71)    197    121  65  
   99   17.0  0.0  0.0  5          35475  35580 (174499) C FLAM_C          SINE/Alu            (26)    117     12  66  
   41   27.0  0.0  0.0  5          35583  35671 (174408) C MIRb            SINE/MIR           (147)    121     33  67  
   24   32.5 10.1  1.1  5          35689  35856 (174223) C L1M6            LINE/L1           (5368)   1128    946  64  
  114   32.4 16.6  1.0  5          35875  36236 (173843) C L1M6            LINE/L1           (5670)    826    409  64  
   92   30.9  5.3  3.8  5          36281  36542 (173537) C L1M6            LINE/L1           (6221)    275     10  64  
  321   13.7  0.0  0.0  5          36755  37060 (173019) C AluSx           SINE/Alu             (6)    306      1  68  
   78   27.6  7.0  7.0  5          37550  37617 (172462) + MER5A           DNA/hAT-Charlie        3     73  (116)  69  
   75   13.6  0.0  1.0  5          37618  37721 (172358) + L1MB5           LINE/L1             6072   6174    (0)  70  
   78   27.6  7.0  7.0  5          37722  37839 (172240) + MER5A           DNA/hAT-Charlie       74    189    (0)  69  
   13   21.2  2.6  0.0  5          37898  37935 (172144) + (TATTTA)n       Simple_repeat          1     39    (0)  71  
 1310    8.8  0.3  2.2  5          38236  40455 (169624) C L1MA3           LINE/L1              (0)   6305   4127  72  
   72   36.2 16.8  4.7  5          40608  41275 (168804) C L2c             LINE/L2             (15)   3372   2621  73 *
 3992    3.9  0.2  0.1  5          41263  47403 (162676) + L1PA4           LINE/L1                2   6151    (4)  74  
   21   32.9 26.3  2.0  5          47665  47782 (162297) + MER20           DNA/hAT-Charlie       65    210    (9)  75  
  412   16.2  7.9  0.0  5          48446  48914 (161165) C L1M3f           LINE/L1           (4820)    508      3  76  
   42   26.4 21.6  0.0  5          50014  50138 (159941) C X9a_DNA         DNA                (194)    290    139  77  
  300   13.0  0.3  0.0  5          50265  50557 (159522) + AluSx           SINE/Alu               1    294   (18)  78  
   47   33.2  5.1  0.0  5          50561  50777 (159302) + GA-rich         Low_complexity         1    228    (0)  79  
   63   30.1 21.9  0.0  5          50819  51001 (159078) + MIR             SINE/MIR              30    252   (10)  80  
   27   27.5  1.0 10.1  5          51148  51244 (158835) C L2b             LINE/L2              (1)   3374   3286  81  
  498   21.8 11.8  3.2  5          51296  51863 (158216) C EuthAT-2        DNA/hAT-Ac        (1606)   1141    499  82  
  274   12.2  0.0  2.2  5          51867  52145 (157934) C AluSx1          SINE/Alu             (4)    308     36  83  
  498   21.8 11.8  3.2  5          52146  52572 (157507) C EuthAT-2        DNA/hAT-Ac        (2249)    498     64  82  
  183   28.6  8.2  6.1  5          52518  52964 (157115) C MLT1E2          LTR/ERVL-MaLR      (146)    508     14  84 *
   97   33.1  5.9  2.6  5          53518  53855 (156224) C L2d             LINE/L2             (14)   3411   3063  85  
   90   30.2 12.2  1.6  5          53893  54121 (155958) C MIR             SINE/MIR             (1)    261      9  86  
   33   30.0  8.8  1.0  5          54187  54277 (155802) C MIR3            SINE/MIR             (9)    199    102  87  
  344   10.5  8.2  0.3  5          54602  54953 (155126) C THE1D           LTR/ERVL-MaLR        (0)    381      2  88  
   61   26.1  8.2  3.0  5          55050  55207 (154872) C X12_DNA         DNA/TcMar-Tigger    (93)    232     67  89  
   16   16.2  0.0  0.0  5          56233  56260 (153819) + (T)n            Simple_repeat          1     28    (0)  90  
  301   11.9  0.0  0.7  5          56878  57179 (152900) C AluSx1          SINE/Alu            (12)    300      1  91  
   71   22.6  4.2 20.7  5          57781  57970 (152109) + Charlie16a      DNA/hAT-Charlie       45    208  (134)  92  
  330    8.5  0.3  0.7  5          58074  58378 (151701) + AluSx3          SINE/Alu               2    305    (6)  93  
  216   15.6  2.8  3.4  5          59296  59527 (150552) + MER33           DNA/hAT-Charlie        1    238   (86)  94  
  261   13.7  7.0  0.3  5          59529  59799 (150280) + AluJb           SINE/Alu               5    293   (19)  95  
  216   15.6  2.8  3.4  5          59803  59895 (150184) + MER33           DNA/hAT-Charlie      239    324    (0)  94  
   70   22.0 12.3 11.8  5          60072  60282 (149797) C MARNA           DNA/TcMar-Mariner  (361)    225     14  96  
   33   39.2 10.6  1.4  5          60799  60997 (149082) C MIR1_Amn        SINE/MIR             (5)    225      9  97  
  105   28.8  6.0  2.3  5          62296  62547 (147532) + MIR             SINE/MIR               2    262    (0)  98  
  227   30.0 17.3  0.9  5          63192  63648 (146431) + LTR16E2         LTR/ERVL               7    537   (31)  99  
  118    7.1  0.0  0.0  5          63769  63881 (146198) + AluSc5          SINE/Alu               3    115  (194) 100  
  940   16.1  4.2  1.5  5          63885  64902 (145177) C L1M1            LINE/L1           (6360)   1205    161 101  
  129   11.2  1.1  2.8  5          64917  65099 (144980) C L1M3            LINE/L1           (3200)   2940   2761 102 *
  156   17.3 10.6 20.8  5          65099  65419 (144660) C MER33           DNA/hAT-Charlie     (30)    294      1 103  
  220   28.4 23.9  3.1  5          65420  66040 (144039) C L2              LINE/L2           (2405)   1014    268 104  
  129   11.3  1.5  0.0  5          66294  66426 (143653) C FLAM_C          SINE/Alu             (8)    135      1 105  
   32   30.7 11.9  2.7  5          66428  66561 (143518) C L1ME4b          LINE/L1              (3)   6142   5997 106  
  313    7.6  0.0  3.6  5          66890  67179 (142900) + AluSg           SINE/Alu               3    282   (28) 107  
   35    5.0  0.0  0.0  5          67180  67221 (142858) + (AAAT)n         Simple_repeat          1     42    (0) 108  
   26   28.6  1.5  3.9  5          67879  68009 (142070) + X23_DNA         DNA                  318    445  (126) 109  
   21   18.4  0.0  0.0  5          68101  68138 (141941) + (TG)n           Simple_repeat          1     38    (0) 110  
   61   17.8  9.3  0.0  5          68167  68284 (141795) + L1MC3           LINE/L1             7651   7779    (6) 111  
   43   31.8  5.7  4.2  5          68735  68875 (141204) + Helitron2Na_Mam RC/Helitron           50    192  (132) 112  
  318   13.1  0.0  0.0  5          68876  69180 (140899) + AluSz6          SINE/Alu               1    305    (7) 113  
   90   28.6  9.0 12.5  5          69503  69825 (140254) + L2b             LINE/L2             3033   3345   (30) 114  
  306   12.2  4.9  0.0  5          70722  71065 (139014) + Tigger4b        DNA/TcMar-Tigger       1    361    (0) 115  
  253   15.4  5.6  0.3  5          71727  72011 (138068) + AluSx1          SINE/Alu               1    300   (12) 116  
  281   16.7  0.0  0.7  5          72425  72723 (137356) + AluJr           SINE/Alu               2    298   (14) 117  
  346    3.3  0.7  0.3  5          73265  73565 (136514) + AluYf1          SINE/Alu               2    303    (8) 118  
   25   37.9 11.5  0.8  5          74485  74718 (135361) C Mam_R4          LINE/Dong-R4        (30)   3779   3521 119  
   31   38.0  1.8  0.0  5          74769  74881 (135198) + MIR3            SINE/MIR              17    131   (77) 120  
  278   10.7  0.0  0.0  5          75077  75362 (134717) C AluSx           SINE/Alu             (0)    312     36 121  
   18   21.4  2.4  0.0  5          75363  75404 (134675) C MER5B           DNA/hAT-Charlie    (135)     43      1 122  
  118   20.0  8.2  0.0  5          75748  75917 (134162) + MER5A           DNA/hAT-Charlie        1    184    (5) 123  
 1179    8.2  0.5  0.1  5          76325  77322 (132757) C LTR5B           LTR/ERVK             (0)   1002      1 124  
   19   35.5 25.2  0.0  5          77522  77628 (132451) C MIR1_Amn        SINE/MIR            (93)    137      4 125  
   36   33.7 32.4  0.4  5          79578  79756 (130323) + L2d             LINE/L2             3185   3420    (5) 126  
   98   29.2  7.2 14.9  5          79885  79986 (130093) + L1MEf           LINE/L1                6    118 (6082) 127  
   44    6.5 29.0  0.0  5          79987  80048 (130031) C MADE1           DNA/TcMar-Mariner    (0)     80      1 128  
   98   29.2  7.2 14.9  5          80049  80319 (129760) + L1MEf           LINE/L1              119    354 (5846) 127  
  162   20.3  0.4  6.8  5          80334  80569 (129510) C AluSx3          SINE/Alu             (8)    303     82 129  
  309   32.9  7.3  4.0  5          80591  80750 (129329) + L1MEf           LINE/L1              375    579 (5968) 130  
   28    0.0  0.0  0.0  5          80751  80777 (129302) + (T)n            Simple_repeat          1     27    (0) 131  
  611   23.9  4.1  7.5  5          80778  81698 (128381) + L1MEf           LINE/L1              580   1449 (5191) 130  
  312   12.1  0.0  1.3  5          81699  82005 (128074) + AluSg           SINE/Alu               1    303    (7) 132  
  611   20.1  2.5  6.8  5          82009  82325 (127754) + L1MEf           LINE/L1             1434   1752 (4888) 130  
  296   23.7  4.3  0.8  5          82321  82831 (127248) + L1ME1           LINE/L1             5624   6152   (27) 133 *
   27   20.2 10.5  1.0  5          83630  83724 (126355) C L1M5            LINE/L1           (1050)   5096   4993 134  
  668   16.7  1.5  3.9  5          83749  84357 (125722) C L1MB7           LINE/L1             (16)   6168   5578 135  
  257   22.8  8.7  1.0  5          84358  84725 (125354) + MSTD            LTR/ERVL-MaLR          1    396    (0) 136  
  668   16.7  1.5  3.9  5          84726  85025 (125054) C L1MB7           LINE/L1            (607)   5577   5280 135  
  117   23.7 13.7  3.4  5          85025  85317 (124762) C L1M5            LINE/L1           (1142)   5004   4683 134 *
  143   21.4 11.6 13.4  5          85355  85621 (124458) + MLT1E2          LTR/ERVL-MaLR          1    266  (361) 137  
  315    6.6  0.7  2.7  5          85624  85927 (124152) C AluY            SINE/Alu            (10)    301      4 138  
  143   21.4 11.6 13.4  5          85930  85980 (124099) + MLT1E2          LTR/ERVL-MaLR        267    314  (313) 137  
 1129   18.9  4.0  2.6  5          85981  87885 (122194) + L1M3f           LINE/L1             1248   3154 (4411) 139  
  119   21.4  0.8 21.7  5          87884  88122 (121957) + MLT1E2          LTR/ERVL-MaLR        278    475   (30) 137 *
  217   21.2  4.5  3.3  5          88140  88403 (121676) C L1M5            LINE/L1           (2367)   3779   3511 134  
  318    9.1  0.7  0.0  5          88406  88702 (121377) C AluSx1          SINE/Alu            (13)    299      1 140  
  217   21.2  4.5  3.3  5          88703  88793 (121286) C L1M5            LINE/L1           (2636)   3510   3420 134  
   16   15.1  5.1  2.5  5          88879  88917 (121162) + (AT)n           Simple_repeat          1     40    (0) 141  
  109   31.3 14.9  1.1  5          88978  89313 (120766) + MamRep605       LTR                  450    831   (18) 142  
  131   22.5  5.2  4.7  5          89360  89592 (120487) + MER20B          DNA/hAT-Charlie       91    324  (459) 143  
  100   25.4 10.6  1.9  5          89683  89927 (120152) + MER20B          DNA/hAT-Charlie      514    779    (4) 144  
   88   34.7 28.2  6.3  5          90150  91011 (119068) C MamGypLTR2c     LTR/Gypsy            (9)   1059      8 145  
   51   35.2 25.5  1.1  5          91267  91619 (118460) C Tigger15a       DNA/TcMar-Tigger   (195)    520     83 146  
   23   10.5  0.0  4.7  5          91620  91664 (118415) + (TTTG)n         Simple_repeat          1     43    (0) 147  
  363   13.0  0.8  2.8  5          93361  93731 (116348) C THE1B           LTR/ERVL-MaLR        (0)    364      1 148  
  317   12.1  0.0  0.0  5          94133  94438 (115641) + AluSx1          SINE/Alu               1    306    (6) 149  
   45   26.1  9.2  0.0  5          94611  94740 (115339) C MIR1_Amn        SINE/MIR             (0)    230     89 150  
    8   34.2  1.3  0.0  5          94991  95066 (115013) + L2b             LINE/L2             3052   3128  (298) 151  
   36   34.9  7.9  0.0  5          95110  95235 (114844) + L2b             LINE/L2             3238   3373    (2) 151  
   68   35.1 19.1  3.8  5          95571  96095 (113984) C L2d             LINE/L2             (22)   3403   2792 152  
  160   14.0  0.0  0.0  5          96268  96438 (113641) + AluJr           SINE/Alu             131    301   (11) 153  
   30   30.8 18.0  5.0  5          98899  99110 (110969) + MIRb            SINE/MIR               8    229   (33) 154 *
   70   31.3  6.7  4.4  5          99074  99169 (110910) C MIRb            SINE/MIR             (9)    259    163 155  
  342   18.8  9.2  1.8  5          99170  99592 (110487) + MSTB2           LTR/ERVL-MaLR          1    454    (3) 156  
   70   31.3  6.7  4.4  5          99593  99719 (110360) C MIRb            SINE/MIR           (106)    162     32 155  
   45   30.7  5.4  2.2  5         100008 100137 (109942) C MamGypLTR1d     LTR/Gypsy           (27)    786    653 157  
   84   27.2  6.6  3.9  5         101506 101731 (108348) C L2a             LINE/L2              (3)   3423   3192 158  
   96   25.0 12.6  5.0  5         101825 102047 (108032) + Charlie7a       DNA/hAT-Charlie        1    239   (33) 159  
   99   21.4  4.7 10.8  5         102209 102469 (107610) + L1MC4           LINE/L1             7812   8041    (1) 160  
   98   30.9  8.2  1.5  5         102428 102670 (107409) + MER102c         DNA/hAT-Charlie       73    331    (0) 161 *
   16   32.3  3.7  0.9  5         102671 102787 (107292) C L1M5            LINE/L1            (317)   5806   5695 162  
   16   12.1  0.0  7.7  5         102843 102884 (107195) + (AAGTTTA)n      Simple_repeat          1     39    (0) 163  
   13   14.1  0.0  6.1  5         103506 103540 (106539) + (ATTTAA)n       Simple_repeat          1     33    (0) 164  
  179   29.0 19.1  2.2  5         103552 103604 (106475) C L1ME4a          LINE/L1             (20)   6359   6294 165  
  347    9.2  0.0  0.0  5         103605 103910 (106169) + AluSx1          SINE/Alu               1    306    (6) 166  
  179   29.0 19.1  2.2  5         103913 104264 (105815) C L1ME4a          LINE/L1             (86)   6293   5866 165  
  622   12.8  2.3  0.3  5         104265 104904 (105175) + MER39B          LTR/ERV1               1    653    (0) 167  
  179   29.0 19.1  2.2  5         104905 105205 (104874) C L1ME4a          LINE/L1            (514)   5865   5536 165  
   16   20.9  0.0  0.0  5         105250 105282 (104797) + (T)n            Simple_repeat          1     33    (0) 168  
  293   16.4  0.0  0.0  5         105435 105738 (104341) C AluSz6          SINE/Alu             (8)    304      1 169  
  750   26.8 15.5  2.4  5         105819 107432 (102647) C Charlie24       DNA/hAT-Charlie     (14)   2435    615 170  
   53   32.2 22.6  6.9  5         107435 107536 (102543) C Charlie24       DNA/hAT-Charlie   (2034)    415    306 170  
  319   12.9  0.0  0.0  5         107537 107830 (102249) + AluJb           SINE/Alu               3    296   (16) 171  
   53   32.2 22.6  6.9  5         107834 108084 (101995) C Charlie24       DNA/hAT-Charlie   (2144)    305     11 170  
   43   42.5  4.6  2.9  5         108167 108534 (101545) C L1ME4a          LINE/L1           (1227)   5174   4801 165  
  727   23.9  8.4  1.8  5         108544 108999 (101080) C L1MEc           LINE/L1           (5155)   1245    749 172  
  329   10.7  0.0  0.0  5         109000 109308 (100771) + AluSx1          SINE/Alu               1    309    (3) 173  
  727   23.9  8.4  1.8  5         109311 109622 (100457) C L1MEc           LINE/L1           (5652)    748    420 172  
  293   16.2  3.0  1.8  5         109623 109956 (100123) C MER1B           DNA/hAT-Charlie      (1)    338      1 174  
  727   23.9  8.4  1.8  5         109957 110330  (99749) C L1MEc           LINE/L1           (5981)    419     29 172  
   90   33.9  5.6  3.3  5         110327 110716  (99363) C L1ME4a          LINE/L1           (4371)   2125   1727 165 *
  300   15.0  0.0  0.7  5         110721 111026  (99053) + AluSg           SINE/Alu               1    304    (6) 175  
   20   28.6  1.2  3.9  5         111093 111172  (98907) C L1M5            LINE/L1           (3782)   2433   2356 176  
   17   32.6  3.5  0.0  5         111168 111253  (98826) + L1M6            LINE/L1             1629   1717 (4779) 177 *
   87   20.4  8.3  8.8  5         111410 111552  (98527) C L1MC4           LINE/L1           (3241)   2968   2832 178  
  289   16.8  0.0  1.3  5         111557 111859  (98220) C AluJr           SINE/Alu            (11)    301      3 179  
   87   20.4  8.3  8.8  5         111860 111967  (98112) C L1MC4           LINE/L1           (3378)   2831   2718 178 *
  564   26.7 11.6  6.6  5         111957 112893  (97186) C L1MC4           LINE/L1           (3920)   2295   1293 178  
  373    1.7  0.0  0.0  5         112894 113191  (96888) + AluYa5          SINE/Alu               1    298   (13) 180  
  564   26.7 11.6  6.6  5         113200 113844  (96235) C L1MC4           LINE/L1           (4923)   1292    641 178  
 4063    2.4  0.1  0.0  5         113861 119882  (90197) C L1PA2           LINE/L1              (1)   6154    125 181  
   56   40.0 11.0  8.8  5         119932 120218  (89861) C L1MC4           LINE/L1           (5643)    572    306 178  
  351   10.1  5.1  2.2  5         120219 120572  (89507) + THE1B           LTR/ERVL-MaLR          1    364    (0) 182  
 1811    8.6  1.4  0.1  5         120573 122132  (87947) + THE1B           LTR/ERVL-MaLR          1   1580    (0) 182  
  335   12.0  1.6  4.4  5         122133 122506  (87573) + THE1B           LTR/ERVL-MaLR          1    364    (0) 182  
   56   40.0 11.0  8.8  5         122507 122753  (87326) C L1MC4           LINE/L1           (5910)    305     28 178 *
   59   29.3  1.7 17.5  5         122721 122898  (87181) + Tigger13a       DNA/TcMar-Tigger     439    592  (179) 183  
 3041    5.1  0.5  0.3  5         122920 126333  (83746) C L1PA6           LINE/L1              (1)   6153   2733 184  
  363    4.3  0.0  0.0  5         126330 126654  (83425) + L1PA6           LINE/L1             2416   2740 (3406) 184 *
   20   27.0  5.9  1.9  5         126633 126734  (83345) + Tigger13a       DNA/TcMar-Tigger     618    723   (48) 185 *
   58   37.5 16.1  5.2  5         126801 127282  (82797) C L1M6            LINE/L1           (5980)    516     47 186  
   56   30.1 12.3 16.7  5         127630 127878  (82201) + MIRb            SINE/MIR               9    258   (10) 187  
   70   32.1 16.2  0.4  5         128570 128791  (81288) + MIR             SINE/MIR               5    261    (1) 188  
  435   32.0  8.8 12.7  5         129044 130433  (79646) + MamGypsy2-I     LTR/Gypsy            222   1564 (2602) 189  
   56   12.5  1.6 22.3  5         130492 130615  (79464) + L1MB8           LINE/L1             4855   4957 (1189) 190  
 1012   19.8  2.2  0.4  5         130622 131744  (78335) + L1MA5           LINE/L1                5   1147 (6021) 191  
  300   18.3  0.8  0.3  5         131743 132098  (77981) + L1MA5           LINE/L1             2710   3067 (4101) 191 *
  277   14.7  3.9  1.0  5         132086 132469  (77610) + L1MA5           LINE/L1             3786   4180 (2984) 191 *
 4003    3.1  0.4  0.2  5         132482 138602  (71477) + L1PA3           LINE/L1                7   6137   (18) 192  
   30    0.0  5.7  0.0  5         138603 138637  (71442) + (ATA)n          Simple_repeat          1     37    (0) 193  
 1067   14.7  0.9  1.1  5         138640 139262  (70817) + L1MA5           LINE/L1             4176   4800 (2364) 191  
  282   18.0  0.3  0.0  5         139263 139562  (70517) + AluJb           SINE/Alu               2    302   (10) 194  
 1067   14.7  0.9  1.1  5         139566 140147  (69932) + L1MA5           LINE/L1             4801   5379 (1785) 191  
  939   13.2  1.4  0.7  5         140143 141940  (68139) + L1MA5           LINE/L1             5504   7319    (2) 191 *
  726   16.1  3.3  0.8  5         141953 143144  (66935) + L1MB8           LINE/L1             4945   6169    (9) 190  
   78   18.4  6.9  0.7  5         143149 143279  (66800) + MER5B           DNA/hAT-Charlie       38    176    (2) 195  
  116   22.2  0.6  0.0  5         143381 143542  (66537) + MER5A1          DNA/hAT-Charlie        4    166    (0) 196  
  111   20.2  5.5  0.0  5         143551 143713  (66366) C MER5B           DNA/hAT-Charlie      (0)    178      7 197  
   22   19.0  0.0  0.0  5         143895 143936  (66143) + A-rich          Low_complexity         1     42    (0) 198  
   21    0.0  7.1  0.0  5         144567 144594  (65485) + (TG)n           Simple_repeat          1     30    (0) 199  
  112   24.7 11.9  3.6  5         145167 145332  (64747) C L1MEd           LINE/L1           (5141)   1945   1775 200  
  270   17.3  2.0  1.3  5         145338 145517  (64562) C AluJr           SINE/Alu             (9)    303    118 201  
   42    0.0  0.0  0.0  5         145518 145555  (64524) + (TAG)n          Simple_repeat          1     38    (0) 202  
  270   17.3  2.0  1.3  5         145556 145674  (64405) C AluJr           SINE/Alu           (195)    117      3 201  
  112   24.7 11.9  3.6  5         145675 145792  (64287) C L1MEd           LINE/L1           (5312)   1774   1638 200  
   89   21.4 12.7 15.1  5         146028 146264  (63815) + Charlie18a      DNA/hAT-Charlie      107    338    (4) 203  
   27   29.8  0.0  2.7  5         146631 146706  (63373) + MIR3            SINE/MIR             126    199    (9) 204  
   29   34.3 14.6  2.2  5         147486 147649  (62430) + MIR3            SINE/MIR               3    186   (22) 205  
   58   34.9 19.5  3.5  5         148264 148658  (61421) + L2c             LINE/L2             2922   3377   (10) 206  
  171   21.8  6.0  2.4  5         148842 149162  (60917) + MER33           DNA/hAT-Charlie        2    317    (7) 207  
  353   12.6 14.4  0.5  5         149570 149945  (60134) + MSTA            LTR/ERVL-MaLR          1    428    (0) 208  
   13   32.1 20.0  1.4  5         150068 150187  (59892) + MIRb            SINE/MIR              22    163  (105) 209  
   31   31.2  3.8  0.0  5         150856 150935  (59144) + MIR3            SINE/MIR             120    202    (6) 210  
  535   20.1  7.0  9.8  5         151556 152041  (58038) + L1MB3           LINE/L1             5359   5790  (507) 211  
   49    4.1  0.0  0.0  5         152042 152092  (57987) + (AT)n           Simple_repeat          1     51    (0) 212  
  535   17.1  7.3  9.5  5         152093 152440  (57639) + L1MB3           LINE/L1             5783   6181    (2) 211  
   27   31.0  1.3 16.0  5         152470 152619  (57460) + L2a             LINE/L2             3294   3424    (2) 213  
   13   18.9  6.9  3.3  5         152950 153007  (57072) + (GCCTCT)n       Simple_repeat          1     60    (0) 214  
   12   21.6  0.0  0.0  5         154257 154288  (55791) + (AAGCTA)n       Simple_repeat          1     32    (0) 215  
   27   35.1 17.7  7.4  5         154414 154696  (55383) + L2b             LINE/L2             3063   3372    (3) 216  
   43   35.5  4.9  6.2  5         154740 154901  (55178) C Charlie26a      DNA/hAT-Charlie    (159)    166      7 217  
   19   30.5 27.9  0.7  5         154927 155048  (55031) C MIR3            SINE/MIR            (12)    196     42 218  
   41   32.2  8.3  5.8  5         155373 155540  (54539) + MIR1_Amn        SINE/MIR               6    177   (53) 219  
   21   36.1  8.8  2.5  5         155526 155673  (54406) + L1ME4b          LINE/L1             5977   6133   (12) 220 *
  359   18.3  1.9 15.7  5         157393 157963  (52116) C MLT1D           LTR/ERVL-MaLR        (2)    503      1 221  
   41   34.0 29.0  1.1  5         158004 158286  (51793) C L2d2            LINE/L2            (103)   3361   3001 222  
   37   24.2  4.5 14.4  5         158383 158542  (51537) C L1M5            LINE/L1             (38)   6086   5968 223  
   54   21.7  7.0  0.0  5         158549 158663  (51416) C L1M5            LINE/L1           (2081)   4065   3943 224  
   49   27.1 13.0  8.1  5         158886 159062  (51017) + MLT1E3          LTR/ERVL-MaLR         10    194  (430) 225  
  292   13.0  0.0  1.0  5         159178 159469  (50610) + AluSx3          SINE/Alu               1    289   (22) 226  
   65   28.6 24.7  0.0  5         160133 160314  (49765) + L2a             LINE/L2             3197   3423    (3) 227  
  321   12.0  0.0  0.0  5         160344 160642  (49437) + AluSx4          SINE/Alu               1    299   (11) 228  
   71   21.6 20.1  0.0  5         162134 162267  (47812) C MER5A1          DNA/hAT-Charlie      (0)    166      6 229  
  308   15.8 13.9  0.0  5         162422 162795  (47284) C MSTB            LTR/ERVL-MaLR        (0)    426      1 230  
   29   28.0  6.7  3.8  5         163666 163752  (46327) + L1ME4c          LINE/L1             5875   5968  (156) 231  
  330    9.2  0.3  0.0  5         163753 164055  (46024) + AluY            SINE/Alu               1    304    (7) 232  
   29   29.1  6.6  5.2  5         164058 164175  (45904) + L1ME4c          LINE/L1             5951   6072   (11) 231  
  118   28.8 13.4  7.8  5         165193 165250  (44829) C L1ME3G          LINE/L1             (30)   6147   6093 233  
  333   10.7  0.0  0.7  5         165251 165559  (44520) + AluSq2          SINE/Alu               1    307    (6) 234  
  118   28.8 13.4  7.8  5         165563 165812  (44267) C L1ME3G          LINE/L1             (85)   6092   5836 233  
  166   17.8  2.3  0.0  5         165813 166026  (44053) + MER20           DNA/hAT-Charlie        1    219    (0) 235  
  118   28.8 13.4  7.8  5         166027 166104  (43975) C L1ME3G          LINE/L1            (342)   5835   5741 233  
  194   10.2  0.0  0.0  5         166112 166298  (43781) C AluSg           SINE/Alu            (14)    296    110 236  
   13   34.1 19.5  0.7  5         166337 166390  (43689) + L2              LINE/L2             1923   1976 (1443) 237  
  343   16.6  4.9  0.2  5         166391 166776  (43303) C MLT1A1          LTR/ERVL-MaLR        (4)    404      1 238  
   13   34.1 19.5  0.7  5         166777 166972  (43107) + L2              LINE/L2             1977   2219 (1200) 237 *
   26   36.1  5.4  3.5  5         166957 167068  (43011) C L2c             LINE/L2             (19)   3368   3255 239  
   29   34.4  7.7  8.2  5         167660 167893  (42186) C L2c             LINE/L2              (6)   3381   3149 240  
  164    5.8  0.0  3.6  5         167915 168085  (41994) + AluYc           SINE/Alu             132    296    (3) 241  
  286   13.1  0.0  1.1  5         168543 168824  (41255) C AluSx3          SINE/Alu            (32)    279      1 242  
  301   13.5  0.0  2.0  5         168850 169161  (40918) C AluSx           SINE/Alu             (6)    306      1 243  
  370   23.8 10.4  3.6  5         169624 170189  (39890) C MLT1E2          LTR/ERVL-MaLR        (0)    627     25 244  
   39   25.6 16.6  0.2  5         170369 170476  (39603) C L2b             LINE/L2              (8)   3417   3248 245  
   31   24.8 45.9  0.0  5         171156 171264  (38815) + MER91A          DNA/hAT-Tip100         4    162   (34) 246  
   17   15.9  6.5  4.8  5         171634 171695  (38384) + (TTGT)n         Simple_repeat          1     63    (0) 247  
   47   32.7 15.0  0.6  5         171764 171923  (38156) C MER5A           DNA/hAT-Charlie      (0)    189      7 248  
   26   37.4 19.0  4.2  5         171930 172219  (37860) C L2d             LINE/L2             (63)   3362   3032 249  
  284   16.2  0.7  0.0  5         172917 173212  (36867) C AluJr           SINE/Alu            (14)    298      1 250  
  313    9.2  3.2  0.0  5         173325 173606  (36473) + AluSx           SINE/Alu               1    291   (21) 251  
  303   15.2  0.7  0.0  5         173678 173972  (36107) C AluJb           SINE/Alu            (10)    302      6 252  
   46    0.0  0.0  0.0  5         174057 174095  (35984) + (TG)n           Simple_repeat          1     39    (0) 253  
   30   32.5 13.5  0.7  5         175422 175554  (34525) C L2d             LINE/L2              (0)   3425   3276 254  
   74   38.1  1.6 11.1  5         177308 177670  (32409) + L2b             LINE/L2             3032   3363   (12) 255  
  143   22.9  8.0 12.8  5         178210 178560  (31519) + L1MC5           LINE/L1             7592   7927   (20) 256  
  356    0.0  0.0  0.0  5         178570 178876  (31203) C AluYa5          SINE/Alu             (0)    311      2 257  
   27   35.5 20.5  2.9  5         179879 180171  (29908) + L3              LINE/CR1            3178   3520  (579) 258  
   29   32.4  9.2 25.9  5         180407 180602  (29477) + MamGypsy2-LTR   LTR/Gypsy              1    170   (13) 259 *
   69   28.4  4.4  7.7  5         180561 180827  (29252) C MIRb            SINE/MIR             (1)    267      1 260  
   14   33.7 13.0  0.0  5         182745 182836  (27243) + L2c             LINE/L2             3276   3379    (8) 261  
   28   23.4  1.6  0.0  5         182846 182909  (27170) + L2b             LINE/L2             3311   3375    (0) 262  
   25   30.6 22.4  0.0  5         183895 183979  (26100) + MIR3            SINE/MIR              73    176   (32) 263  
  129   33.6  5.1 17.0  5         184209 184699  (25380) C L2b             LINE/L2              (0)   3375   2935 264  
  123   30.9 17.6  2.5  5         184710 185061  (25018) C MLT1J2          LTR/ERVL-MaLR        (3)    445     42 265  
   81   31.9 20.9  3.1  5         185675 186085  (23994) + L2d2            LINE/L2             2979   3460    (4) 266  
   21   33.8  0.0  0.0  5         186085 186161  (23918) + L2d2            LINE/L2             3382   3458    (6) 267 *
   17   14.6  2.6  0.0  5         186333 186350  (23729) + (TGC)n          Simple_repeat          1     18    (0) 268  
  307   12.3  0.0  0.7  5         186353 186652  (23427) C AluSg           SINE/Alu            (12)    298      1 269  
   17   14.6  2.6  0.0  5         186653 186672  (23407) + (TGC)n          Simple_repeat          1     21    (0) 270  
   16    0.0  0.0  0.0  5         188285 188301  (21778) + (T)n            Simple_repeat          1     17    (0) 271  
   15   35.1 17.6  1.1  5         188609 188847  (21232) + L2              LINE/L2             1998   2275 (1144) 272  
  325    7.6  0.0  4.9  5         189427 189511  (20568) + AluSc           SINE/Alu               1     77  (232) 273  
  366    1.0  0.0  0.3  5         189512 189807  (20272) + AluYa5          SINE/Alu               2    296   (15) 274  
  325    7.6  0.0  4.9  5         189809 190024  (20055) + AluSc           SINE/Alu              78    287   (22) 273  
   32   21.3  0.0  0.0  5         190064 190124  (19955) C MIRb            SINE/MIR            (19)    249    189 275  
  109   26.0 12.7  0.4  5         191563 191790  (18289) C MIR             SINE/MIR             (0)    262      7 276  
   14   12.5  0.0  3.6  5         192053 192103  (17976) + (TCC)n          Simple_repeat          1     49    (0) 277  
   25   31.4  0.0 15.0  5         192299 192444  (17635) + UCON47          Unknown              259    385    (6) 278 *
   34   39.8  3.2  2.1  5         192427 192616  (17463) + X6B_LINE        LINE/CR1             779    970  (102) 279  
   41   34.0  8.1  0.0  5         192815 192999  (17080) + L2c             LINE/L2             3096   3295   (92) 280  
   13   37.5 11.8  0.0  5         193350 193485  (16594) + L3              LINE/CR1            3809   3960  (139) 281  
   35   33.8  7.8  1.5  5         194004 194132  (15947) C MIRc            SINE/MIR            (31)    237    101 282  
  208   12.7  0.8  3.5  5         194229 194290  (15789) + MER30           DNA/hAT-Charlie        1     61  (169) 283  
  319   10.5  0.0  0.0  5         194293 194586  (15493) C AluSz6          SINE/Alu            (13)    299      6 284  
  208   12.7  0.8  3.5  5         194588 194760  (15319) + MER30           DNA/hAT-Charlie       62    229    (1) 283  
   24   38.9 12.4  8.2  5         195201 195458  (14621) + MamRep434       DNA/TcMar-Tigger       9    276  (150) 285  
   16   13.2  0.0  2.9  5         195845 195879  (14200) + (TTTTG)n        Simple_repeat          1     34    (0) 286  
   17   28.6 15.4  9.1  5         196014 196117  (13962) + MIR             SINE/MIR             153    262    (0) 287  
   31   30.8 23.9  0.0  5         196143 196272  (13807) C MIR             SINE/MIR            (28)    234     74 288  
   85   28.5 22.2  0.4  5         196275 196468  (13611) C MIR             SINE/MIR            (17)    245     10 289  
   32   27.9 11.5  3.0  5         196712 196833  (13246) C L3              LINE/CR1            (95)   4004   3873 290  
   34   28.3 33.3  0.0  5         196842 196961  (13118) + MIR             SINE/MIR             103    262    (0) 291  
   33   28.7 10.7  0.0  5         197386 197507  (12572) + L1M5            LINE/L1             5965   6099   (25) 292  
   57   32.0  3.9 12.8  5         197701 197756  (12323) C Charlie15a      DNA/hAT-Charlie      (1)    223    167 293  
  242   18.8  0.3 13.1  5         197757 198101  (11978) + AluJr           SINE/Alu               1    306    (6) 294  
   57   32.0  3.9 12.8  5         198104 198275  (11804) C Charlie15a      DNA/hAT-Charlie     (58)    166     14 293  
    9   42.2 19.2  0.9  5         198606 199074  (11005) + L2              LINE/L2             2072   2625  (794) 295  
   62   23.7  3.4  0.0  5         199290 199442  (10637) + L1MB8           LINE/L1             4639   4801 (1345) 296  
   85    9.4 10.4  0.0  5         199453 199548  (10531) + AluSz           SINE/Alu              12    117  (195) 297  
   51    0.0  0.0  0.0  5         199551 199596  (10483) + (ATAG)n         Simple_repeat          1     46    (0) 298  
  105   17.0  0.0  1.2  5         199618 199784  (10295) + L1MB8           LINE/L1             4794   4958 (1188) 296  
  241   17.9  5.7  0.3  5         199786 200064  (10015) + AluJr           SINE/Alu               5    298   (14) 299  
  436   17.1  2.3  4.0  5         200089 200697   (9382) + L1MB8           LINE/L1             5560   6158   (20) 296  
  121   28.5  0.4  3.8  5         200764 201011   (9068) C MLT1E2          LTR/ERVL-MaLR      (386)    241      2 300  
   88   29.8  1.3  3.8  5         201045 201395   (8684) + L1M5            LINE/L1             2257   2713 (3433) 301 *
  246   23.7 12.2  1.1  5         201380 201590   (8489) + L1M5            LINE/L1             2989   3228 (2918) 301  
  342    9.6  0.0  0.0  5         201591 201893   (8186) + AluSx3          SINE/Alu               1    303    (8) 302  
  246   23.7 12.2  1.1  5         201899 202194   (7885) + L1M5            LINE/L1             3229   3552 (2594) 301 *
  282   13.0  0.0  0.0  5         202190 202481   (7598) C L1M1            LINE/L1            (479)   5821   5530 303  
  116   28.2  6.8  3.1  5         202482 202792   (7287) + L1ME3Cz         LINE/L1             5919   6240   (10) 304  
  108   36.8 15.3  3.2  5         203642 204065   (6014) + LTR79           LTR/ERVL              45    518    (9) 305  
   23    0.0  0.0  0.0  5         205340 205364   (4715) + (A)n            Simple_repeat          1     25    (0) 306  
   20    7.8  0.0  0.0  5         205364 205390   (4689) + (AG)n           Simple_repeat          1     27    (0) 307 *
   64   26.3  1.0  5.6  5         205656 205814   (4265) C MER20B          DNA/hAT-Charlie     (17)    202     47 308  
  261   17.4  2.7  0.0  5         207649 207947   (2132) C AluJr           SINE/Alu             (5)    307      1 309  
  327   10.3  0.3  0.0  5         208817 209116    (963) C AluSx           SINE/Alu            (10)    302      2 310  
   86   21.9  1.3  1.3  5         209238 209390    (689) + L1MB5           LINE/L1             6020   6172    (2) 311  
   12   21.2  2.5  2.5  5         209440 209479    (600) + A-rich          Low_complexity         1     40    (0) 312  
  381   20.2 14.8  0.2  5         209577 210071      (8) C MLT1F1          LTR/ERVL-MaLR        (1)    568      2 313  