  bit   perc perc perc  query     position in query     matching  repeat             position in repeat
score   div. del. ins.  sequence  begin end    (left)   repeat    class/family     begin  end    (left)  ID

   25   35.8 14.3  2.2  3           100   302 (45162) C L2d       LINE/L2            (84)   3341   3115   1  
  319    6.1  1.7  0.0  3           554   847 (44617) C AluSp     SINE/Alu           (14)    299      1   2  
   13   25.5  0.0  0.0  3          1474  1510 (43954) + (GCG)n    Simple_repeat         1     37    (0)   3  
   23   27.7 17.8  0.0  3          3147  3247 (42217) C MIRb      SINE/MIR           (93)    175     57   4  
   94   26.4 12.8  5.2  3          3699  3894 (41570) + MER63A    DNA/hAT-Tip100        1    210    (0)   5  
    7   38.3 21.1  3.7  3          4146  4468 (40996) + L2        LINE/L2            2096   2472  (947)   6  
   27    7.1  0.0  0.0  3          4519  4560 (40904) + Alu       SINE/Alu              1     42  (270)   7  
  230    3.4  0.5  0.5  3          4563  4771 (40693) + AluYf1    SINE/Alu             93    301   (10)   8  
  124   18.5 11.2 13.7  3          5373  5648 (39816) C AluSq10   SINE/Alu            (8)    305     36   9  
   18   15.4  0.0  0.0  3          5785  5820 (39644) + A-rich    Low_complexity        1     36    (0)  10  
   51    8.5  0.0  0.0  3          8054  8112 (37352) C THE1D     LTR/ERVL-MaLR       (0)    381    323  11  
   51   29.6  9.0  0.2  3          8333  8456 (37008) + MIR       SINE/MIR             30    164   (44)  12  
   22   41.6 16.9  0.0  3          8601  8843 (36621) + L2        LINE/L2            2446   2729  (690)  13  
  254   18.6 12.7  4.8  3         10029 10509 (34955) C Charlie1b DNA/hAT-Charlie     (1)    522      6  14  
   73   28.3  6.8  6.0  3         10531 10730 (34734) + MIR3      SINE/MIR              6    204    (4)  15  
  343    9.5  0.0  0.0  3         11070 11364 (34100) C AluSx     SINE/Alu           (15)    297      3  16  
   18   33.1 25.6  0.0  3         11514 11673 (33791) C L2c       LINE/L2             (0)   3387   3187  17  
   20   27.7 10.8 10.6  3         12293 12470 (32994) C MIR3      SINE/MIR            (5)    263     88  18  
   13    5.0  0.0  4.5  3         13364 13386 (32078) + (ATT)n    Simple_repeat         1     22    (0)  19  
   31   34.6 14.3  0.0  3         13450 13582 (31882) + MIRc      SINE/MIR             35    186   (82)  20  
  297   13.9  0.3  0.7  3         13670 13971 (31493) C AluSx4    SINE/Alu            (9)    301      1  21  
  335    7.5  0.3  0.7  3         14522 14827 (30637) C AluSx1    SINE/Alu            (3)    309      5  22  
   18   24.9  0.0 20.6  3         15545 15620 (29844) + L2b       LINE/L2            3320   3384    (3)  23  
  213   19.1  7.9  0.7  3         16963 17239 (28225) C AluJr     SINE/Alu           (14)    298      2  24  
   21   15.4  0.0 62.5  3         17548 17599 (27865) C BC200     scRNA             (113)     32      1  25  
  278   15.8  0.0  0.7  3         18126 18422 (27042) C AluSx3    SINE/Alu           (16)    295      1  26  
   28   31.4  4.7  1.8  3         19076 19182 (26282) C MIR       SINE/MIR            (5)    257    148  27  
   23   30.9 11.3 13.8  3         19271 19499 (25965) C MER112    DNA/hAT-Charlie     (8)    253     30  28  
   28   34.8  0.0  0.0  3         19648 19716 (25748) C L2b       LINE/L2            (14)   3361   3293  29  
  327   11.0  0.0  0.0  3         20256 20554 (24910) + AluSg     SINE/Alu              1    299   (11)  30  
   29   36.5 10.2  2.0  3         20922 21058 (24406) + MIR3      SINE/MIR             39    186   (22)  31  
   39   38.3  6.4  6.4  3         21161 21629 (23835) + CR1_Mam   LINE/CR1           1666   2134   (70)  32  
  127   33.5 21.7  4.1  3         23058 23529 (21935) C MLT1L     LTR/ERVL-MaLR       (0)    610     55  33  
  290   14.8  0.3  2.3  3         23530 23840 (21624) + AluSz6    SINE/Alu              3    307    (5)  34  
  127   33.5 21.7  4.1  3         23844 23868 (21596) C MLT1L     LTR/ERVL-MaLR     (556)     54     30  33  
  342    7.6  0.0  0.0  3         24621 24923 (20541) C AluSg     SINE/Alu            (5)    305      3  35  
   15   26.6  0.0  0.0  3         25303 25339 (20125) + (AT)n     Simple_repeat         1     37    (0)  36  
   47    2.3  0.0  0.0  3         25579 25623 (19841) + (TG)n     Simple_repeat         1     45    (0)  37  
  317   11.1  0.0  0.7  3         25650 25955 (19509) C AluSp     SINE/Alu            (9)    304      1  38  
   10   36.1 12.4  5.8  3         26054 26150 (19314) C L2b       LINE/L2            (18)   3357   3255  39  
   45   32.8  2.1  2.1  3         26272 26411 (19053) + MER103C   DNA/hAT-Charlie     100    239   (58)  40  
   30   35.5  5.1  7.9  3         26718 26873 (18591) C MER5A1    DNA/hAT-Charlie     (6)    160      9  41  
  331    9.1  0.3  1.3  3         27387 27695 (17769) + AluSg     SINE/Alu              3    308    (2)  42  
   66   32.9 17.3  2.3  3         31665 31938 (13526) + L1MC5a    LINE/L1            4870   5175  (971)  43  
  182   15.3 12.1  4.1  3         31939 32186 (13278) + AluJr     SINE/Alu              2    268   (44)  44  
 1219   23.6 17.1  1.7  3         32187 34656 (10808) + L1MC5a    LINE/L1            5176   8029    (1)  43  
   15   25.8 14.6  0.0  3         34656 34744 (10720) C L2        LINE/L2          (1483)   1936   1835  45 *
  149   32.8  7.3  7.0  3         34809 35366 (10098) + L1ME3G    LINE/L1            5492   6051  (126)  46  
  327    8.0  1.7  0.0  3         36357 36656  (8808) C AluY      SINE/Alu            (6)    305      1  47  
   50   26.5  3.0  2.2  3         37217 37351  (8113) C MER5A     DNA/hAT-Charlie     (3)    186     51  48  
  241   24.4 16.0  1.3  3         37392 37872  (7592) C L1MEb     LINE/L1          (5517)    553      3  49  
  307   12.8  0.3  0.0  3         38097 38401  (7063) C AluSp     SINE/Alu            (7)    306      1  50  
   25   35.5  3.2  2.5  3         39227 39382  (6082) + Tigger15a DNA/TcMar-Tigger     28    184  (531)  51  
   55   22.2  0.0  0.0  3         39949 40029  (5435) C MIRc      SINE/MIR          (115)    153     73  52  
   15   29.0  4.9  0.2  3         40421 40514  (4950) C L2d2      LINE/L2           (169)   3218   3119  53  
   48   30.5 18.8  0.0  3         40555 40682  (4782) C MIRb      SINE/MIR            (6)    262    111  54  
   46   24.2 16.0  0.7  3         40695 40819  (4645) + LTR16A1   LTR/ERVL              9    152  (304)  55  
   92   35.9 15.3  9.0  3         40826 40992  (4472) + L1M6      LINE/L1            1422   1596 (1124)  56  
  260   18.4  1.3  1.3  3         40994 41298  (4166) C AluJr     SINE/Alu            (7)    305      1  57  
  317    8.6  0.0  0.0  3         41306 41620  (3844) C AluSc8    SINE/Alu            (0)    311      1  58  
   92   36.1 14.7 10.1  3         41621 41968  (3496) + L1M6      LINE/L1            1488   1972  (748)  56  
  108   26.5  0.0 10.7  3         41969 42042  (3422) C MER45A    DNA/hAT-Tip100      (4)    174    111  59  
  342    8.4  0.0  0.3  3         42043 42353  (3111) + AluSp     SINE/Alu              1    310    (3)  60  
   31   37.3 11.9 14.9  3         42356 42399  (3065) + L1M6      LINE/L1            1851   1894 (4602)  56  
  108   26.5  0.0 10.7  3         42400 42466  (2998) C MER45A    DNA/hAT-Tip100     (68)    110      7  59  
   25   35.1 11.8 14.2  3         42463 42641  (2823) + L1MEi     LINE/L1            1535   1713  (499)  61 *
  290   14.2  0.3  0.3  3         42642 42943  (2521) + AluSx     SINE/Alu              1    302   (10)  62  
   25   35.1 11.8 14.2  3         42948 43149  (2315) + L1MEi     LINE/L1            1714   1908  (304)  61  
  214   29.1  7.5 11.1  3         43164 43733  (1731) C MLT1F2    LTR/ERVL-MaLR      (32)    516      1  63  
   11   24.2 15.8 14.5  3         43821 43902  (1562) + L2c       LINE/L2            3304   3386    (1)  64  
   51   31.2  4.4 10.3  3         44389 44553   (911) + MIR3      SINE/MIR             27    187   (43)  65  
  219   27.8  8.4  0.2  3         44565 44979   (485) + LTR16A1   LTR/ERVL              6    454    (2)  66  
  181   17.1  3.6  0.4  3         45098 45320   (144) C MER30     DNA/hAT-Charlie     (0)    230      1  67  